0 -119.96665 0.18792
1 -119.96723 0.174
2 -119.90778 0.19256
3 -119.93185 0.18734
4 -119.86892 0.19111
5 -119.85529 0.20155
6 -119.8492 0.18067
7 -119.82571 0.19807
8 -119.87617 0.18096
9 -119.87066 0.21982
10 -119.8869 0.20184
11 -119.84166 0.19053
12 -119.84166 0.14529
13 -119.84166 0.13891
14 -119.83035 0.14007
15 -119.90024 0.09541
16 -119.92518 0.11745
17 -119.90981 0.16936
18 -119.90488 0.14964
19 -119.91416 0.14993
20 -119.74828 0.04785
21 -119.76075 0.04205
22 -119.73755 0.04669
23 -119.84108 0.02813
24 -119.82078 0.03451
25 -119.86225 0.05568
26 -119.8057 0.01711
27 -119.7709 0.04437
28 -119.74944 0.06206
29 -119.73233 0.08294
30 -119.73233 0.08294
31 -119.76916 0.12441
32 -119.8086 0.09715
33 -119.80541 0.08323
34 -119.78859 0.08323
35 -119.85152 0.15283
36 -119.89676 0.15341
37 -119.89038 0.16037
38 -119.87994 0.12557
39 -119.89067 0.11658
40 -119.88342 0.1218
41 -119.81846 0.1218
42 -119.8608 0.12557
43 -119.89038 0.16617
44 -119.83122 0.06235
45 -119.85993 0.17371
46 -119.8753 0.174
47 -119.77525 0.06177
48 -119.86138 0.16124
